ACDCMG_sim8/SM_Grid_Simulation/OpComm1: 1,1,1,1,1,1,1,1 : 0.000040000000000 : 0.000040000000000, 0.000040000000000, 0.000040000000000, 0.000040000000000, 0.000040000000000, 0.000040000000000, 0.000040000000000, 0.000040000000000 : 1 : 0 : [0,1,1,0,1,1,1,1]
ACDCMG_sim8/SC_GUI/OpComm: 1,1,1,1 : 0.000000000000000 : 0.000000000000000, 0.000000000000000, 0.000000000000000, 0.000000000000000 : 1 : 0 : [0,0,0,0]
ACDCMG_sim8/SC_GUI/OpComm3: 1,1,1,1 : 0.000000000000000 : 0.000000000000000, 0.000000000000000, 0.000000000000000, 0.000000000000000 : 4 : 0 : [0,0,0,0]
ACDCMG_sim8/SC_GUI/OpComm5: 1,1,1,1 : 0.000000000000000 : 0.000000000000000, 0.000000000000000, 0.000000000000000, 0.000000000000000 : 6 : 0 : [0,0,0,0]
ACDCMG_sim8/SC_GUI/OpComm6: 1,1,1,1 : 0.000000000000000 : 0.000000000000000, 0.000000000000000, 0.000000000000000, 0.000000000000000 : 7 : 0 : [0,0,0,0]
ACDCMG_sim8/SC_GUI/OpComm7: 1,1,1,1 : 0.000000000000000 : 0.000000000000000, 0.000000000000000, 0.000000000000000, 0.000000000000000 : 8 : 0 : [0,0,0,0]
ACDCMG_sim8/SC_GUI/OpComm10: 1,1,1,1 : 0.000000000000000 : 0.000000000000000, 0.000000000000000, 0.000000000000000, 0.000000000000000 : 11 : 0 : [0,0,0,0]
ACDCMG_sim8/SC_GUI/OpComm12: 1,1,1,1 : 0.000000000000000 : 0.000000000000000, 0.000000000000000, 0.000000000000000, 0.000000000000000 : 13 : 0 : [0,0,0,0]
ACDCMG_sim8/SC_GUI/OpComm1: 1,1,1,1 : 0.000000000000000 : 0.000000000000000, 0.000000000000000, 0.000000000000000, 0.000000000000000 : 2 : 0 : [0,0,0,0]
ACDCMG_sim8/SC_GUI/OpComm2: 1,1,1,1 : 0.000000000000000 : 0.000000000000000, 0.000000000000000, 0.000000000000000, 0.000000000000000 : 3 : 0 : [0,0,0,0]
ACDCMG_sim8/SC_GUI/OpComm4: 1,1,1,1 : 0.000000000000000 : 0.000000000000000, 0.000000000000000, 0.000000000000000, 0.000000000000000 : 5 : 0 : [0,0,0,0]
ACDCMG_sim8/SC_GUI/OpComm8: 1,1,1,1 : 0.000000000000000 : 0.000000000000000, 0.000000000000000, 0.000000000000000, 0.000000000000000 : 9 : 0 : [0,0,0,0]
ACDCMG_sim8/SC_GUI/OpComm9: 1,1,1,1 : 0.000000000000000 : 0.000000000000000, 0.000000000000000, 0.000000000000000, 0.000000000000000 : 10 : 0 : [0,0,0,0]
ACDCMG_sim8/SC_GUI/OpComm11: 1,1,1,1 : 0.000000000000000 : 0.000000000000000, 0.000000000000000, 0.000000000000000, 0.000000000000000 : 12 : 0 : [0,0,0,0]
ACDCMG_sim8/SC_GUI/OpComm13: 1,1,1,1 : 0.000000000000000 : 0.000000000000000, 0.000000000000000, 0.000000000000000, 0.000000000000000 : 14 : 0 : [0,0,0,0]
ACDCMG_sim8/SC_GUI/OpComm14: 1,1,1,1 : 0.000000000000000 : 0.000000000000000, 0.000000000000000, 0.000000000000000, 0.000000000000000 : 16 : 0 : [0,0,0,0]
ACDCMG_sim8/SC_GUI/OpComm15: 1,1,1 : 0.000000000000000 : 0.000000000000000, 0.000000000000000, 0.000000000000000 : 17 : 0 : [0,0,0]
ACDCMG_sim8/SC_GUI/OpComm16: 1,1,1,1 : 0.000000000000000 : 0.000000000000000, 0.000000000000000, 0.000000000000000, 0.000000000000000 : 18 : 0 : [0,0,0,0]
ACDCMG_sim8/SC_GUI/OpComm17: 1,1,1,1 : 0.000000000000000 : 0.000000000000000, 0.000000000000000, 0.000000000000000, 0.000000000000000 : 19 : 0 : [0,0,0,0]
ACDCMG_sim8/SC_GUI/OpComm18: 1,1,1 : 0.000000000000000 : 0.000000000000000, 0.000000000000000, 0.000000000000000 : 20 : 0 : [0,0,0]
ACDCMG_sim8/SC_GUI/OpComm19: 1,1,1,1 : 0.000000000000000 : 0.000000000000000, 0.000000000000000, 0.000000000000000, 0.000000000000000 : 21 : 0 : [0,0,0,0]
ACDCMG_sim8/SC_GUI/OpComm20: 1,1,1,1 : 0.000000000000000 : 0.000000000000000, 0.000000000000000, 0.000000000000000, 0.000000000000000 : 22 : 0 : [0,0,0,0]
ACDCMG_sim8/SC_GUI/OpComm21: 1,1 : 0.000000000000000 : 0.000000000000000, 0.000000000000000 : 23 : 0 : [0,0]
SampleTime=0.000040000000000
